1 0 6 0
1 0 5 0
1 0 16 0
1 0 17 1
6 0 8 0
6 0 28 0
5 0 26 0
16 0 15 0
16 0 24 1
17 1 23 1
8 0 9 0
28 0 14 0
26 0 11 0
15 0 54 0
24 1 27 1
9 0 43 0
14 0 4 0
14 0 32 1
11 0 56 0
54 0 25 0
27 1 29 1
43 0 13 0
4 0 33 0
4 0 34 0
4 0 49 1
32 1 35 1
56 0 22 0
56 0 19 0
29 1 30 1
34 0 18 0
34 0 55 1
49 1 52 1
35 1 37 1
22 0 69 0
30 1 31 1
18 0 50 0
18 0 61 1
55 1 59 1
52 1 53 1
37 1 38 1
50 0 80 1
61 1 65 1
38 1 39 1
80 1 82 1
65 1 67 1
39 1 40 1
82 1 83 1
67 1 68 1
40 1 41 1
83 1 84 1
68 1 71 1
41 1 42 1
84 1 85 1
71 1 72 1
42 1 44 1
85 1 86 1
72 1 73 1
44 1 45 1
86 1 87 1
73 1 74 1
45 1 46 1
74 1 75 1
46 1 47 1
75 1 76 1
47 1 48 1
76 1 77 1
77 1 78 1
