0
0.20474783976092695
0.20474783976092695
4.275869528780875
6.603380019640011
6.603380019640011
6.603380019640011
8.733714356905278
15.746815485367117
15.746815485367117
15.746815485367117
15.746815485367117
15.746815485367117
15.746815485367117
15.746815485367117
15.746815485367117
15.746815485367117
16.64979909736958
16.64979909736958
16.64979909736958
16.64979909736958
16.64979909736958
16.64979909736958
16.64979909736958
16.64979909736958
21.611729813401386
21.611729813401386
21.611729813401386
21.611729813401386
21.611729813401386
21.611729813401386
21.611729813401386
21.611729813401386
25.38910776161726
25.38910776161726
25.38910776161726
28.802123224418832
28.802123224418832
28.802123224418832
28.802123224418832
28.802123224418832
28.802123224418832
30.60115124715974
30.60115124715974
30.60115124715974
35.08203843607247
38.647228957049876
38.647228957049876
39.1376943926241
42.87519130911171
43.12762166351817
43.12762166351817
43.12762166351817
43.12762166351817
43.12762166351817
43.12762166351817
48.88967155228864
49.0357646859117
49.869294009521
49.869294009521
49.869294009521
49.869294009521
49.869294009521
49.869294009521
50.08265080354198
54.29679988641549
54.29679988641549
54.29679988641549
54.29679988641549
54.29679988641549
55.28933950013691
55.28933950013691
55.28933950013691
55.28933950013691
55.28933950013691
55.28933950013691
55.28933950013691
55.91059265577999
57.05348475743341
58.61706241329277
58.61706241329277
58.621218452870544
58.621218452870544
58.621218452870544
58.621218452870544
58.621218452870544
58.621218452870544
65.69038745692367
66.44690961253661
66.44690961253661
66.44690961253661
66.44690961253661
74.44239034805369
74.44239034805369
74.44239034805369
86.00403235483769
86.00403235483769
86.0744818305706
86.0744818305706
86.0744818305706
86.0744818305706