0
0
4.685519657949607
4.685519657949607
7.885430160569104
7.885430160569104
7.885430160569104
7.885430160569104
11.046325428584314
11.046325428584314
14.900510475309996
14.900510475309996
14.900510475309996
14.900510475309996
14.900510475309996
14.900510475309996
14.900510475309996
14.900510475309996
19.821760990372457
19.821760990372457
19.821760990372457
19.821760990372457
19.821760990372457
21.583997671082322
21.583997671082322
29.16186191030786
29.634578334756288
38.809553899351705
38.809553899351705
38.809553899351705
38.809553899351705
38.809553899351705
38.809553899351705
38.809553899351705
38.809553899351705
38.809553899351705
41.40882674869973
41.40882674869973
41.40882674869973
47.164373669437474
47.164373669437474
60.94148148769591
60.94148148769591
60.94148148769591
78.54823913474348
79.70338467179545
79.70338467179545
79.70338467179545
79.70338467179545
83.07993380421509
83.07993380421509
91.45144857847832
91.45144857847832
91.45144857847832
91.45144857847832
94.31377072948206
94.31377072948206
111.11346165932271
111.11346165932271
111.11346165932271
111.11346165932271
111.11346165932271
111.11346165932271
118.64666129259265
118.64666129259265
118.64666129259265
118.64666129259265
135.6715622877901
135.6715622877901
156.29587466682094
163.06393272905308
163.06393272905308
163.06393272905308
177.9741086422164
177.9741086422164
177.9741086422164
177.9741086422164
191.32282271771194
194.4331011070402
194.4331011070402
194.4331011070402
194.4331011070402
194.910650490902
194.910650490902
205.41017084250177
205.41017084250177
205.41017084250177
205.41017084250177
205.41017084250177
205.41017084250177
226.17735356433352
232.69921996476495
232.69921996476495
232.69921996476495
232.69921996476495
232.69921996476495
240.67567110294092
243.66531511951015
243.66531511951015
243.66531511951015
243.66531511951015