1.000005
1.000005
1.000005
1.000005
1.000005
0.966723885650924
0.966723885650924
0.966723885650924
0.966723885650924
2.388227003619292
2.388227003619292
2.388227003619292
2.388227003619292
2.190492222125633
2.085940642518249
2.085940642518249
2.085940642518249
2.085940642518249
2.085940642518249
2.085940642518249
2.085940642518249
2.085940642518249
2.085940642518249
2.085940642518249
2.085940642518249
2.085940642518249
2.085940642518249
2.085940642518249
2.085940642518249
2.085940642518249
2.085940642518249
2.085940642518249
2.085940642518249
2.085940642518249
2.085940642518249
2.085940642518249
2.085940642518249
3.5385478790107117
3.5385478790107117
3.5385478790107117
3.5385478790107117
3.5385478790107117
3.5385478790107117
3.5385478790107117
3.5385478790107117
3.5385478790107117
3.5385478790107117
3.5385478790107117
3.5385478790107117
3.5385478790107117
3.5385478790107117
3.5385478790107117
3.5385478790107117
4.039209205783963
4.039209205783963
4.039209205783963
4.039209205783963
4.039209205783963
4.039209205783963
4.039209205783963
4.039209205783963
4.039209205783963
3.642574815230251
3.642574815230251
3.642574815230251
3.642574815230251
3.642574815230251
3.642574815230251
3.642574815230251
3.642574815230251
3.642574815230251
3.642574815230251
3.642574815230251
3.642574815230251
3.642574815230251
3.642574815230251
3.642574815230251
3.642574815230251
3.642574815230251
3.642574815230251
4.08653512509306
3.9979566669910134
3.9979566669910134
3.9979566669910134
3.9979566669910134
3.9979566669910134
3.9979566669910134
3.9979566669910134
3.675536885255095
3.675536885255095
3.675536885255095
3.675536885255095
3.675536885255095
3.675536885255095
3.3612497004983197
3.3612497004983197
3.3612497004983197
3.3612497004983197
3.3612497004983197
3.3612497004983197
3.3612497004983197