0.003781799013215169
0.003781799013215169
0.003781799013215169
0.003781799013215169
0.003781799013215169
0.003781799013215169
0.003781799013215169
0.003781799013215169
0.003781799013215169
0.003781799013215169
0.003781799013215169
0.003781799013215169
0.003781799013215169
0.003781799013215169
0.003781799013215169
0.005213624241712042
0.005213624241712042
0.005213624241712042
0.005213624241712042
0.005213624241712042
0.005213624241712042
0.005213624241712042
0.005213624241712042
0.005213624241712042
0.005213624241712042
0.005213624241712042
0.005213624241712042
0.005213624241712042
0.005213624241712042
0.005213624241712042
0.005213624241712042
0.005213624241712042
0.005213624241712042
0.005213624241712042
0.005213624241712042
0.005213624241712042
0.005213624241712042
0.005213624241712042
0.005213624241712042
0.005213624241712042
0.005213624241712042
0.005213624241712042
0.005213624241712042
0.005213624241712042
0.005213624241712042
0.005213624241712042
0.005213624241712042
0.005213624241712042
0.005213624241712042
0.005213624241712042
0.005213624241712042
0.005213624241712042
0.005213624241712042
0.005213624241712042
0.005213624241712042
0.005213624241712042
0.005213624241712042
0.005213624241712042
0.005213624241712042
0.005213624241712042
0.005213624241712042
0.005213624241712042
0.005213624241712042
0.005213624241712042
0.005213624241712042
0.005143512395371684
0.005143512395371684
0.005143512395371684
0.005143512395371684
0.005143512395371684
0.005143512395371684
0.005143512395371684
0.005143512395371684
0.005143512395371684
0.005143512395371684
0.005143512395371684
0.005143512395371684
0.005143512395371684
0.004942640822468605
0.004942640822468605
0.004942640822468605
0.004942640822468605
0.004942640822468605
0.004942640822468605
0.004942640822468605
0.004942640822468605
0.004942640822468605
0.004942640822468605
0.004942640822468605
0.004942640822468605
0.004942640822468605
0.004942640822468605
0.004942640822468605
0.004942640822468605
0.004942640822468605
0.004942640822468605
0.004942640822468605
0.004942640822468605
0.004942640822468605
0.004942640822468605
0.004942640822468605