0.00026236179757159
0.00026236179757159
0.00026236179757159
0.00026236179757159
0.00026236179757159
0.00026236179757159
0.00026236179757159
0.00026236179757159
0.00026236179757159
0.00026236179757159
0.00026236179757159
0.00026236179757159
0.00026236179757159
0.00026236179757159
0.021882125972218697
0.021882125972218697
0.021882125972218697
0.021882125972218697
0.021882125972218697
0.021882125972218697
0.021882125972218697
0.021882125972218697
0.021882125972218697
0.021882125972218697
0.021882125972218697
0.021882125972218697
0.021882125972218697
0.021882125972218697
0.021882125972218697
0.021882125972218697
0.021882125972218697
0.021882125972218697
0.021882125972218697
0.04048764910059038
0.04048764910059038
0.04048764910059038
0.04048764910059038
0.04048764910059038
0.04048764910059038
0.04048764910059038
0.04048764910059038
0.04048764910059038
0.047415665541652274
0.047415665541652274
0.051019776048049616
0.051019776048049616
0.051019776048049616
0.06913842512458418
0.06913842512458418
0.06913842512458418
0.06913842512458418
0.06913842512458418
0.06913842512458418
0.06913842512458418
0.06913842512458418
0.06913842512458418
0.06913842512458418
0.06913842512458418
0.06367585887080103
0.06367585887080103
0.06367585887080103
0.06367585887080103
0.06367585887080103
0.06367585887080103
0.06367585887080103
0.06367585887080103
0.06367585887080103
0.06367585887080103
0.06367585887080103
0.06367585887080103
0.06367585887080103
0.06367585887080103
0.06367585887080103
0.06367585887080103
0.06367585887080103
0.06367585887080103
0.06367585887080103
0.06367585887080103
0.06367585887080103
0.06367585887080103
0.06367585887080103
0.06367585887080103
0.06367585887080103
0.06367585887080103
0.06367585887080103
0.06367585887080103
0.06367585887080103
0.06367585887080103
0.06367585887080103
0.06367585887080103
0.06367585887080103
0.06367585887080103
0.06367585887080103
0.06367585887080103
0.06367585887080103
0.06367585887080103
0.06367585887080103
0.06367585887080103
0.06210611270213985
0.06210611270213985
0.06210611270213985