0.05966112969979656
0.05966112969979656
0.05966112969979656
0.05966112969979656
0.05966112969979656
0.05966112969979656
0.05966112969979656
0.05966112969979656
0.05966112969979656
0.05467908433504998
0.05467908433504998
0.05467908433504998
0.05467908433504998
0.05467908433504998
0.05467908433504998
0.05467908433504998
0.05467908433504998
0.10372399131370405
0.10372399131370405
0.10372399131370405
0.10372399131370405
0.10372399131370405
0.10372399131370405
0.10372399131370405
0.10372399131370405
0.10372399131370405
0.10372399131370405
0.10372399131370405
0.10372399131370405
0.10372399131370405
0.10372399131370405
0.10372399131370405
0.10372399131370405
0.10372399131370405
0.10372399131370405
0.10372399131370405
0.10372399131370405
0.10372399131370405
0.10372399131370405
0.10372399131370405
0.10372399131370405
0.10372399131370405
0.10372399131370405
0.10372399131370405
0.10372399131370405
0.10372399131370405
0.10372399131370405
0.10372399131370405
0.10215113027336845
0.10215113027336845
0.10215113027336845
0.10215113027336845
0.10215113027336845
0.10215113027336845
0.10215113027336845
0.10215113027336845
0.13475608793643082
0.13475608793643082
0.13475608793643082
0.13475608793643082
0.13475608793643082
0.13475608793643082
0.13475608793643082
0.13475608793643082
0.13475608793643082
0.13475608793643082
0.13475608793643082
0.13475608793643082
0.13475608793643082
0.13475608793643082
0.13475608793643082
0.14604519462731683
0.14604519462731683
0.14604519462731683
0.14604519462731683
0.14604519462731683
0.14604519462731683
0.14604519462731683
0.14604519462731683
0.14604519462731683
0.14604519462731683
0.14604519462731683
0.15973824074292511
0.15973824074292511
0.15973824074292511
0.15973824074292511
0.15973824074292511
0.15973824074292511
0.15973824074292511
0.15973824074292511
0.15973824074292511
0.15973824074292511
0.15724980135682012
0.15724980135682012
0.15724980135682012
0.15724980135682012
0.15724980135682012
0.15724980135682012
0.15724980135682012
0.15724980135682012
0.15724980135682012