0.01394732515985368
0.01394732515985368
0.01394732515985368
0.01394732515985368
0.01394732515985368
0.01394732515985368
0.01394732515985368
0.01394732515985368
0.01394732515985368
0.01394732515985368
0.01394732515985368
0.01394732515985368
0.01394732515985368
0.01394732515985368
0.01394732515985368
0.01394732515985368
0.01394732515985368
0.01394732515985368
0.01394732515985368
0.01394732515985368
0.01394732515985368
0.01394732515985368
0.01394732515985368
0.01394732515985368
0.013474161747494185
0.013474161747494185
0.013474161747494185
0.013474161747494185
0.013474161747494185
0.013474161747494185
0.013474161747494185
0.013474161747494185
0.013474161747494185
0.013474161747494185
0.013474161747494185
0.034396755020617585
0.034396755020617585
0.034396755020617585
0.034396755020617585
0.034396755020617585
0.034396755020617585
0.034396755020617585
0.034396755020617585
0.034396755020617585
0.034396755020617585
0.034396755020617585
0.034396755020617585
0.034396755020617585
0.034396755020617585
0.034396755020617585
0.034396755020617585
0.034396755020617585
0.034396755020617585
0.04413512394791504
0.042064398182838025
0.042064398182838025
0.042064398182838025
0.042064398182838025
0.042064398182838025
0.042064398182838025
0.042064398182838025
0.042064398182838025
0.042064398182838025
0.042064398182838025
0.042064398182838025
0.042064398182838025
0.042064398182838025
0.042064398182838025
0.042064398182838025
0.042064398182838025
0.042064398182838025
0.042064398182838025
0.03932953190105051
0.03932953190105051
0.03932953190105051
0.03932953190105051
0.03932953190105051
0.03932953190105051
0.03932953190105051
0.03932953190105051
0.03932953190105051
0.03932953190105051
0.03674231203984643
0.03674231203984643
0.03674231203984643
0.03674231203984643
0.03674231203984643
0.03674231203984643
0.03674231203984643
0.03674231203984643
0.03674231203984643
0.03674231203984643
0.03674231203984643
0.03674231203984643
0.03674231203984643
0.03674231203984643
0.03674231203984643
0.03674231203984643
0.03674231203984643
0.03674231203984643
0.03674231203984643