-3.2181328251717494
-8.586405197967789
-3.6893609691113958
-5.855032788393319
-6.817247278947383
-1.3413644822731818
-5.235705403825168
-6.968225057531855
-0.4949491080181197
-1.853688518614765
-3.637651242598119
-7.534677172465397
-1.186305407713161
-1.599362221474069
-0.5096084488915558
-8.967322765472373
-2.2642703813364244
-4.077974790646013
-6.041100086944838
-8.038330569084644
-5.196377634056442
-0.30165929837865607
-2.329995014442862
-5.931277090060983
-4.012572413689287
-1.7682525939749976
-7.065400477086141
-0.6577939978040377
-6.236157146337258
-2.228083541085061
-5.434717787134716
-2.3003941946048436
-6.0717690612956146
-0.46352431352339774
-0.37418882958830374
-3.706521293726397
-4.851307974830424
-0.3304248265829758
-4.584278377500192
-2.046599947076358
-6.702521495582362
-1.3874652413345911
-0.4153150033790437
-6.741742081948267
-2.427063256573715
-9.255842432286547
-3.4127686765015284
-6.472964727369223
-0.31397384973144715
-4.150832381381486
-0.32048546056359983
-6.908581163543502
-0.7262174166206734
-8.038069277314452
-2.5629042855810558
-5.945859335476659
-1.2264389075109765
-0.5712044931944856
-4.954845958425446
-3.6676093737937228
-9.195047672132047
-3.146569009375709
-0.9305459344587443
-2.9358833333358976
-2.1153211511643826
-6.203852959997567
-7.303898733282188
-1.7677999779523244