3.643253355538675
3.662420259630944
3.3481121058770387
3.722917301096876
3.946130175046311
3.694620621511374
3.273809111739143
3.4653268042935332
4.134265447947303
4.134265447947303
4.134265447947303
4.134265447947303
3.69203891741406
3.6878449397536
3.6878449397536
3.208798299558964
3.2048395707352535
3.2785663086353543
3.2785663086353543
3.2785663086353543
3.1990292209878053
3.1990292209878053
2.671587980936305
2.671587980936305
2.671587980936305
3.053256875564007
3.053256875564007
2.8583967116711904
2.6517638690309795
2.6517638690309795
2.552304276637778
2.552304276637778
2.552304276637778
2.8219890306384476
2.8219890306384476
2.8219890306384476
3.0735673265411823
2.8019625124213494
2.8019625124213494
2.368024269786075
2.368024269786075
2.368024269786075
2.492813618440326
2.3948159730303065
2.3948159730303065
2.7043856206353607
2.9641304978009186
2.9641304978009186
3.000697501747178
3.2867121969440185
3.3064989087522827
2.8853062526731392
2.5486659866408323
2.5486659866408323
2.5486659866408323
2.5486659866408323
2.959584374495156
2.970401975225669
3.03249890626354
3.03249890626354
3.03249890626354
3.03249890626354
3.03249890626354
3.03249890626354
3.045836308842251
3.3152697356683234
2.8320318167089304
2.8320318167089304
2.822672518241447
2.82265817666541
2.8714120754174792
2.8714120754174792
2.8714120754174792
2.8714120754174792
2.6368914743751466
2.563242045348153
2.1395657453237233
2.1678098565369286
2.2202530545193593
2.293015316395242
1.9708082190342482
1.9709889706048784
1.9709889706048784
1.9709889706048784
1.932496635609863
1.887382061212548
1.887382061212548
2.1920959271398264
2.2260556251000647
2.2260556251000647
1.8942400898082787
1.8942400898082787
2.242480354288927
2.242480354288927
2.242480354288927
2.6117808681068517
2.6117808681068517
2.6143392278050657
2.200072763161471
2.1693528117383574
2.1693528117383574