0
0
326.34813050490305
326.34813050490305
326.34813050490305
555.725489350459
997.0750010242106
997.0750010242106
997.0750010242106
997.0750010242106
997.0750010242106
997.0750010242106
1405.7804029544072
1410.004993609696
1410.004993609696
1961.5639756273617
1966.6310511805555
1966.6310511805555
1966.6310511805555
1966.6310511805555
2075.851693321309
2075.851693321309
2849.0900160154224
2849.0900160154224
2849.0900160154224
2849.0900160154224
2849.0900160154224
3139.239670498912
3481.220946810581
3481.220946810581
3659.9737796716763
3659.9737796716763
3659.9737796716763
3659.9737796716763
3659.9737796716763
3659.9737796716763
3659.9737796716763
4079.235125624103
4079.235125624103
4834.70567425672
4834.70567425672
4834.70567425672
4834.70567425672
5026.911383819408
5026.911383819408
5026.911383819408
5026.911383819408
5026.911383819408
5026.911383819408
5026.911383819408
5026.911383819408
5625.65146617576
6207.430785259921
6207.430785259921
6207.430785259921
6207.430785259921
6207.430785259921
6207.430785259921
6207.430785259921
6207.430785259921
6207.430785259921
6207.430785259921
6207.430785259921
6207.430785259921
6207.430785259921
6207.430785259921
7044.290221097522
7044.290221097522
7066.831775325634
7066.866402533051
7066.866402533051
7066.866402533051
7066.866402533051
7066.866402533051
7619.579972465866
7808.620781722444
9079.380260121441
9079.380260121441
9079.380260121441
9079.380260121441
10197.128457181141
10197.128457181141
10197.128457181141
10197.128457181141
10350.933494611794
10537.15470800563
10537.15470800563
10537.15470800563
10537.15470800563
10537.15470800563
11780.846672937203
11780.846672937203
11780.846672937203
11780.846672937203
11780.846672937203
11780.846672937203
11780.846672937203
11780.846672937203
13434.316643671844
13575.476758738132
13575.476758738132