0
781.4987497748781
781.4987497748781
781.4987497748781
781.4987497748781
2132.7425923983305
3828.91862863754
3828.91862863754
3828.91862863754
3828.91862863754
3828.91862863754
4492.922619735769
4492.922619735769
8823.956739067948
8823.956739067948
8823.956739067948
8951.96774476833
8951.96774476833
10008.014466001297
10008.014466001297
10008.014466001297
10008.014466001297
10008.014466001297
10914.885005931506
10914.885005931506
11061.369983199012
11061.369983199012
17698.798097048864
19233.266421317727
19233.266421317727
19233.266421317727
19233.266421317727
19233.266421317727
19233.266421317727
24734.568324946576
24734.568324946576
24734.568324946576
26135.34746592586
26135.34746592586
26135.34746592586
29364.65162452807
30660.869732021318
30660.869732021318
37080.79265581981
37080.79265581981
37421.88165918343
43439.15605950117
43439.15605950117
43439.15605950117
45441.33037278768
51062.88004383656
51062.88004383656
57635.59938171142
57635.59938171142
57635.59938171142
61642.507144893585
61642.507144893585
67302.84493922362
67302.84493922362
67340.6381023092
72901.44777866299
75208.88256049805
75208.88256049805
76568.10069745153
76568.10069745153
76568.10069745153
76568.10069745153
76568.10069745153
76568.10069745153
76568.10069745153
78921.42645104919
78921.42645104919
78921.42645104919
78921.42645104919
78921.42645104919
84965.79572143445
84965.79572143445
88887.34563196676
88887.34563196676
88887.34563196676
88887.34563196676
89294.25024171219
89294.25024171219
97337.93666427894
99744.84488758075
106110.46383809997
106110.46383809997
106110.46383809997
106412.34281268991
111847.42954221647
115916.97304203191
115916.97304203191
115916.97304203191
115916.97304203191
116594.90833351953
116594.90833351953
118530.30044698673
125220.84075017275
125220.84075017275
125220.84075017275
125220.84075017275