0.002634919596745178
0.04602345292976331
0.05465209496546963
0.02963075233602124
0.03357764492527231
0.0625146142964947
0.028921034055960738
0.09254026278828044
0.05837093798344314
0.0005701706850075362
0.07226698751433291
0.0006192845611797017
0.011471418670396692
0.012392293677391718
0.09455333267135851
0.06925509085993849
0.03362452619610374
0.03834564297776054
0.019356134853139317
0.05166020921468842
0.04375441457919234
0.047488530033646746
0.08803663618746432
0.026088824199167516
0.02031618206164718
0.0628581233897515
0.047063249305511104
0.006167847685976501
0.04671363123747865
0.003014634272203586
0.07071599764659538
0.06418734106091695
0.07783678218072106
0.0018313812467908085
0.01042983868680749
0.0022032750438284675
0.04342293560793129
0.08220453393762144
0.0016614913751209007
0.0000025480789835698964
0.008625069836306709
0.0436530159896958
0.014307641899510571
0.09482536714413503
0.006598586298905219
0.01205979011071019
0.016302842344424764
0.0788885224282311
0.00004599415067081375
0.009939938909525513
0.011916798168443647
0.07793873765181862
0.007739390999597647
0.08430586427934422
0.08830981435274035
0.07944356888415732
0.0004911265370229295
0.09036131448311116
0.0070767814598262195