28819.824007163028
28857.667310358855
26331.453678465157
26331.347975007036
24845.93889025031
24120.079623568567
24386.51275536272
24475.359312608252
23164.96144980306
52507.98677912026
51038.05596512975
53192.59695889345
54723.03274706865
50469.15572036052
48219.93300274694
48303.747113758924
48457.56126082572
50821.28992754705
48614.55814537132
48790.03369182485
48966.95341073363
49063.196935699
50969.07312921621
50166.16669389116
50159.62737273564
46977.021365650915
46791.81651643727
43465.83999989742
46948.37372037151
46920.545375582624
46895.62010460995
50223.207616093474
53543.92083331255
53528.68592963107
54969.752472111366
57546.80917238754
56048.31292805416
91918.20170982697
92918.17715879991
89795.0935589253
90737.59940985616
84045.90261526406
84146.4689190026
87147.189436684
79405.77162273394
78945.67106351785
78885.39305962255
78858.48217338308
79124.4828860207
77800.86129549175
77795.54969403565
74697.28580636767
74702.56262969348
84538.51056527428
84419.70135142907
83414.52522674522
86408.38627592083
80575.31406622747
82831.02409372214
83930.5566835008
86040.04576130612
86257.40159911534
78399.83573831592
75768.77223507031
76223.6058523249
76795.74311727604
76574.51930058007
71169.24075340576
71235.42820066506
65628.58968533967
63976.15337021454
63942.937325803745
64415.15778807447
61004.536364304135
61415.52233883053
61449.797008088346
61992.831856311655
59226.99193516616
58617.63231793039
58638.18110523831
65080.54024757169
63795.168049449174
63702.704326406914
63708.84507290398
61741.54595112731
61621.9165996222
61616.887122729975
67154.34848492188
62219.83087974896
68289.80443794157
63289.08920638562
61866.350756460575
61905.2955930511
62644.83007438928
57804.97003260159
57768.48008596345
56077.64131217826
55469.12483710933
57167.59661578054
58857.54939958787
64499.83632410821