36
48
33
39
38
22
50
18
16
4
12
23
3
41
42
37
35
15
29
5
1
27
31
17
25
19
14
46
11
44
48 3
48 31
48 41
33 15
33 36
33 37
33 3
33 19
33 27
39 12
39 1
39 37
38 17
38 31
38 14
22 42
22 25
22 15
50 31
50 5
50 36
36 50
36 46
36 33
18 29
18 25
18 37
18 35
18 15
16 15
16 19
16 4
4 1
4 16
4 23
4 35
4 19
12 39
12 14
12 11
12 37
23 46
23 5
23 35
23 4
3 48
3 41
3 46
3 33
41 44
41 48
41 3
42 22
42 17
42 27
37 39
37 18
37 5
37 12
37 33
35 23
35 18
35 4
15 16
15 18
15 22
15 33
29 18
29 25
29 11
5 23
5 19
5 17
5 50
5 37
1 39
1 4
1 11
1 27
27 25
27 42
27 1
27 33
31 50
31 19
31 48
31 38
17 42
17 38
17 44
17 5
25 29
25 18
25 27
25 22
19 16
19 31
19 5
19 4
19 33
14 44
14 38
14 12
46 23
46 36
46 3
11 12
11 29
11 1
44 17
44 41
44 14
