36
48
33
39
38
22
50
18
16
4
12
23
3
41
42
37
35
15
29
5
1
27
31
17
25
19
14
46
11
44
1 35
1 18
1 41
2 25
2 34
2 18
2 32
3 17
3 24
3 48
3 45
4 13
4 47
4 21
4 44
4 5
4 50
5 26
5 6
5 35
5 46
5 4
6 37
6 14
6 7
6 20
6 5
6 30
7 16
7 6
7 11
7 27
8 43
8 21
8 49
9 45
9 22
9 29
9 42
10 36
10 41
10 28
10 46
11 7
11 25
11 12
12 11
12 19
12 46
13 4
13 20
13 28
14 6
14 46
14 31
15 47
15 29
15 27
15 48
15 30
16 38
16 21
16 7
16 39
17 39
17 3
17 27
18 2
18 1
18 38
18 34
18 39
19 34
19 38
19 12
20 22
20 45
20 6
20 13
21 16
21 47
21 8
21 4
22 20
22 9
22 34
23 35
23 24
23 50
24 48
24 23
24 3
24 43
25 32
25 2
25 11
25 44
26 49
26 5
26 41
27 17
27 7
27 32
27 15
27 28
27 42
28 10
28 13
28 27
29 9
29 15
29 39
30 15
30 40
30 6
30 45
30 39
30 33
31 36
31 37
31 14
31 33
32 25
32 2
32 27
33 31
33 46
33 42
33 30
34 19
34 2
34 22
34 18
35 5
35 1
35 23
35 36
35 50
36 31
36 10
36 35
37 6
37 31
37 46
38 16
38 19
38 18
39 16
39 29
39 18
39 17
39 30
40 41
40 50
40 30
41 10
41 26
41 1
41 40
42 49
42 43
42 9
42 27
42 33
43 44
43 8
43 24
43 42
44 25
44 43
44 4
45 20
45 9
45 3
45 30
46 14
46 5
46 37
46 10
46 12
46 33
47 15
47 21
47 4
48 24
48 15
48 3
49 26
49 8
49 42
50 23
50 35
50 4
50 40
